1 0.990768771484375 0.2900520234375 0.992537517578125 0.281906130859375 0.988853359375 0.28086053125 0.97963001171875 0.282982560546875 0.975182267578125 0.295066255859375 0.9777491015625 0.2966678515625 0.982947478515625 0.293943990234375 0.986355544921875 0.289506306640625 0.990768771484375 0.2900520234375
1 0.52662483984375 0.349242119140625 0.5286222265625 0.3461918515625 0.52927364453125 0.338601955078125 0.526003630859375 0.3280281796875 0.52907951953125 0.32087691015625 0.527535109375 0.317944009765625 0.526456603515625 0.322045015625 0.5232944375 0.325263619140625 0.525114943359375 0.333679802734375 0.5250416015625 0.3427642109375 0.5230355859375 0.348971828125 0.5243815546875 0.353511462890625 0.52826416015625 0.352950328125 0.52662483984375 0.349242119140625
1 0.970859568359375 0.45665242578125 0.973038142578125 0.4583101328125 0.9876022265625 0.454627208984375 0.9887195546875 0.454071212890625 0.988339923828125 0.45096997265625 0.974854341796875 0.450551896484375 0.970091677734375 0.453607296875 0.970859568359375 0.45665242578125
1 0.505015880859375 0.605248185546875 0.50184077734375 0.595449720703125 0.500339498046875 0.612236251953125 0.503531859375 0.615720009765625 0.502310994140625 0.618658048828125 0.5035146015625 0.62203471484375 0.50516255078125 0.62258557421875 0.506137517578125 0.62086661328125 0.504744095703125 0.61593932421875 0.505632783203125 0.61028769921875 0.507725078125 0.608012744140625 0.505015880859375 0.605248185546875
1 0.8733370625 0.673526701171875 0.87109377734375 0.677796044921875 0.872780552734375 0.68189191015625 0.883945201171875 0.6794893125 0.88511861328125 0.676163619140625 0.875571716796875 0.672414708984375 0.8733370625 0.673526701171875
1 0.899328939453125 0.695413591796875 0.897038201171875 0.699295279296875 0.8970683984375 0.705997640625 0.90871621484375 0.704314244140625 0.907616146484375 0.69855553125 0.904320244140625 0.69745381640625 0.9050191171875 0.690251572265625 0.90735730859375 0.6867575390625 0.897944146484375 0.68732894921875 0.89343601171875 0.686007919921875 0.891020169921875 0.6824119375 0.888207439453125 0.682029419921875 0.888371365234375 0.6930521015625 0.88929025 0.694102837890625 0.896231484375 0.69270514453125 0.899328939453125 0.695413591796875
1 0.8572759765625 0.781182982421875 0.85759089453125 0.790211275390625 0.86048990625 0.794526455078125 0.866796982421875 0.794403953125 0.86675815625 0.790858943359375 0.862409642578125 0.784386171875 0.8572759765625 0.781182982421875
1 0.507539583984375 0.587130349609375 0.51131865234375 0.5889512578125 0.512349701171875 0.584462599609375 0.520567884765625 0.57735716796875 0.520576515625 0.574199814453125 0.517319439453125 0.576643109375 0.509847580078125 0.576933953125 0.507539583984375 0.587130349609375
1 0.720690494140625 0.114075306640625 0.7130288203125 0.11281553125 0.698559642578125 0.117273767578125 0.703796845703125 0.1180949140625 0.707273931640625 0.1239046015625 0.70971566015625 0.118028525390625 0.720690494140625 0.114075306640625
1 0.590114078125 0.31915713671875 0.58889321484375 0.32209517578125 0.590959619140625 0.32929228125 0.595959552734375 0.32817515234375 0.599811962890625 0.32091165625 0.590114078125 0.31915713671875
1 0.510205744140625 0.32163207421875 0.516180642578125 0.318795986328125 0.512496482421875 0.31775038671875 0.509256666015625 0.313878974609375 0.507069462890625 0.315378619140625 0.502173068359375 0.314113703125 0.50148282421875 0.31815859375 0.50302723828125 0.321091494140625 0.50506344921875 0.32158623828125 0.510205744140625 0.32163207421875
1 0.3937058671875 0.683668359375 0.397635927734375 0.683494880859375 0.4039041796875 0.679827369140625 0.404974052734375 0.678883716796875 0.403770447265625 0.675507048828125 0.395616974609375 0.6766854296875 0.390996673828125 0.680903796875 0.3937058671875 0.683668359375
1 0.503613873046875 0.4969596484375 0.504381765625 0.500004775390625 0.510951998046875 0.49234848828125 0.51237130859375 0.48780371484375 0.510684533203125 0.483707849609375 0.507673359375 0.484932064453125 0.50599951953125 0.49385326953125 0.503613873046875 0.4969596484375
1 0.736954150390625 0.482567318359375 0.734370060546875 0.487280431640625 0.736501177734375 0.488550484375 0.744266388671875 0.487428216796875 0.746017876953125 0.48559703125 0.74563824609375 0.482495791015625 0.736954150390625 0.482567318359375
1 0.805395953125 0.2379403515625 0.8046582578125 0.241597587890625 0.805909318359375 0.245361912109375 0.80983937890625 0.245188431640625 0.812954091796875 0.241582171875 0.811750484375 0.23820550390625 0.805395953125 0.2379403515625
1 0.51223318359375 0.680346173828125 0.508380775390625 0.687609669921875 0.511469599609375 0.693475470703125 0.5138466171875 0.6935264453125 0.514821583984375 0.691807486328125 0.51223318359375 0.680346173828125
1 0.497401634765625 0.675388462890625 0.496085861328125 0.67755119140625 0.490499220703125 0.680331166015625 0.489373265625 0.684044515625 0.49100395703125 0.690910080078125 0.492746814453125 0.69223624609375 0.494942646484375 0.687579248046875 0.498872705078125 0.687405767578125 0.497401634765625 0.675388462890625
1 0.920377052734375 0.5026107109375 0.920510783203125 0.506931029296875 0.922396005859375 0.509420162109375 0.926571962890625 0.50802760546875 0.927887736328125 0.505864876953125 0.926106052734375 0.500993701171875 0.920377052734375 0.5026107109375
1 0.565597482421875 0.574005375 0.5626337578125 0.575617248046875 0.5649460625 0.581595275390625 0.566688919921875 0.58292144140625 0.568876123046875 0.581421796875 0.569574994140625 0.574219552734375 0.565597482421875 0.574005375
1 0.645333427734375 0.13759070703125 0.643581939453125 0.139421892578125 0.6461487734375 0.141023490234375 0.64886659765625 0.1406306953125 0.653517095703125 0.143114689453125 0.654453236328125 0.137850720703125 0.645333427734375 0.13759070703125
1 0.803735125 0.082347625 0.79930463671875 0.08811661328125 0.793963896484375 0.089677509765625 0.8049301015625 0.088881646484375 0.80471871875 0.077471310546875 0.80311822265625 0.077308107421875 0.803735125 0.082347625
1 0.60586010546875 0.557534564453125 0.604052537109375 0.56213544921875 0.605549494140625 0.564680693359375 0.606856638671875 0.5656753203125 0.608314771484375 0.564675556640625 0.610661595703125 0.558024169921875 0.60586010546875 0.557534564453125
1 0.579065818359375 0.5452319609375 0.574350609375 0.548675017578125 0.576084837890625 0.5531585390625 0.584238310546875 0.55198016015625 0.582314265625 0.54594601953125 0.579065818359375 0.5452319609375
1 0.6805528046875 0.564098193359375 0.67564777734375 0.5659906328125 0.67699374609375 0.570530267578125 0.680923806640625 0.5703567890625 0.682675294921875 0.5685256015625 0.6805528046875 0.564098193359375
1 0.819631958984375 0.780311267578125 0.81517127734375 0.77937789453125 0.81112905078125 0.78509076953125 0.81316526171875 0.78558551171875 0.8152575546875 0.783310556640625 0.819670783203125 0.783856275390625 0.819631958984375 0.780311267578125
1 0.833221080078125 0.778347298828125 0.830503255859375 0.77874009375 0.829558484375 0.787161416015625 0.8304773671875 0.788212154296875 0.837806865234375 0.786758345703125 0.844700646484375 0.78497299609375 0.84567561328125 0.78325403515625 0.84388530078125 0.781540212890625 0.840145056640625 0.7832643125 0.83520120703125 0.7816117421875 0.833221080078125 0.778347298828125
1 0.604837828125 0.2038038671875 0.60463075390625 0.208567953125 0.607046595703125 0.2121639375 0.609328703125 0.211439603515625 0.60856944140625 0.20523712109375 0.604837828125 0.2038038671875
1 0.6064167421875 0.229613552734375 0.611559037109375 0.229659388671875 0.613698787109375 0.22777208984375 0.6094624375 0.215759921875 0.606157908203125 0.217815560546875 0.60667126953125 0.22523712109375 0.605157052734375 0.229006583984375 0.6064167421875 0.229613552734375
1 0.619311326171875 0.180013853515625 0.6094063671875 0.183023419921875 0.619608986328125 0.195356853515625 0.621351845703125 0.19668301953125 0.622818609375 0.19252590234375 0.621054185546875 0.18134001953125 0.619311326171875 0.180013853515625
1 0.58985528515625 0.200840544921875 0.590385908203125 0.201947396484375 0.59727969140625 0.200162044921875 0.6013219140625 0.194449169921875 0.601718806640625 0.191235703125 0.591964837890625 0.1922508828125 0.589777634765625 0.19375052734375 0.58985528515625 0.200840544921875
1 0.77377434765625 0.09259540234375 0.75625516796875 0.09473284765625 0.756397529296875 0.0958958125 0.761000572265625 0.09799215234375 0.76459845703125 0.095105087890625 0.77377434765625 0.09259540234375
1 0.488325154296875 0.197761078125 0.49264347265625 0.19753148828125 0.495568373046875 0.19237460546875 0.48857968359375 0.193384646484375 0.488325154296875 0.197761078125
1 0.465215013671875 0.222010275390625 0.469874140625 0.2213369140625 0.468506607421875 0.20693756640625 0.47002082421875 0.203168103515625 0.46818305859375 0.201066625 0.462643873046875 0.2042342578125 0.463148607421875 0.214813169921875 0.465215013671875 0.222010275390625
1 0.93066601953125 0.341345806640625 0.929350248046875 0.343508537109375 0.931671181640625 0.3463292109375 0.934143107421875 0.347155494140625 0.9367660234375 0.345987392578125 0.934785896484375 0.34272294921875 0.93066601953125 0.341345806640625
1 0.9231424140625 0.289568373046875 0.9288239609375 0.28756370703125 0.93224065625 0.279968669921875 0.930260529296875 0.276704228515625 0.92599829296875 0.274164119140625 0.922163140625 0.275112908203125 0.919777494140625 0.278219287109375 0.9231424140625 0.289568373046875
1 0.123032296875 0.4059932421875 0.122445591796875 0.407656087890625 0.124283357421875 0.409757564453125 0.1277216171875 0.412022244140625 0.12908484375 0.410247169921875 0.126526642578125 0.405488220703125 0.123032296875 0.4059932421875
1 0.667054298828125 0.51515684765625 0.671174173828125 0.516533990234375 0.674288888671875 0.51292773046875 0.67041491015625 0.510331509765625 0.667054298828125 0.51515684765625
1 0.646571396484375 0.5189061640625 0.645397984375 0.52223185546875 0.647718919921875 0.525052529296875 0.652378044921875 0.524379171875 0.65379735546875 0.519834400390625 0.646571396484375 0.5189061640625
1 0.68768819140625 0.509413142578125 0.6912774453125 0.50968343359375 0.693710544921875 0.506964708984375 0.689448306640625 0.5044246015625 0.686294771484375 0.504485853515625 0.685177443359375 0.505041849609375 0.68560452734375 0.508530744140625 0.68768819140625 0.509413142578125
1 0.699521501953125 0.528612140625 0.701264361328125 0.529938306640625 0.704633603515625 0.52195561328125 0.708231484375 0.51906855078125 0.702795837890625 0.519854138671875 0.702597390625 0.52146087109375 0.69817553515625 0.524072505859375 0.699521501953125 0.528612140625
1 0.667580599609375 0.5355954765625 0.65933221875 0.535998546875 0.658301169921875 0.540487205078125 0.660328751953125 0.544139302734375 0.6619939609375 0.538375451171875 0.667580599609375 0.5355954765625
1 0.61617490625 0.528822400390625 0.6139229921875 0.53624909765625 0.634121171875 0.5301738515625 0.63616601171875 0.527511240234375 0.6335128984375 0.52197698046875 0.63478121875 0.51942659765625 0.624250728515625 0.520554001953125 0.616960056640625 0.525552818359375 0.610747888671875 0.5264506328125 0.61617490625 0.528822400390625
1 0.808139484375 0.689656099609375 0.81522308203125 0.68942137109375 0.815619970703125 0.686207904296875 0.8078073046875 0.686942515625 0.808139484375 0.689656099609375
1 0.904419431640625 0.785415951171875 0.8985955234375 0.786257650390625 0.899410869140625 0.78969043359375 0.901153728515625 0.791016599609375 0.903047576171875 0.79034837890625 0.904419431640625 0.785415951171875
1 0.919250982421875 0.79037366015625 0.91682651171875 0.789935033203125 0.914846384765625 0.78667058984375 0.907421978515625 0.787349087890625 0.9056704921875 0.7891802734375 0.912318375 0.78861400390625 0.915368376953125 0.790934794921875 0.915795462890625 0.79442369140625 0.919250982421875 0.79037366015625
1 0.8566290625 0.307860501953125 0.853570431640625 0.3086970625 0.85597764453125 0.3154503984375 0.857530685546875 0.315225947265625 0.8582683828125 0.3115687109375 0.8566290625 0.307860501953125
1 0.775810458984375 0.341633548828125 0.77954207421875 0.343066802734375 0.782846603515625 0.341011162109375 0.782324611328125 0.33674695703125 0.775810458984375 0.341633548828125
1 0.66980659765625 0.608653240234375 0.6753285234375 0.61180031640625 0.67732591015625 0.608750052734375 0.671510630859375 0.6064343984375 0.66980659765625 0.608653240234375
1 0.941817564453125 0.75200054296875 0.94337060546875 0.75177608984375 0.942611341796875 0.745573609375 0.939362896484375 0.74485955078125 0.941817564453125 0.75200054296875
1 0.52674128515625 0.430889544921875 0.528199419921875 0.42988978125 0.527780962890625 0.423243533203125 0.5258008359375 0.41997908984375 0.52674128515625 0.430889544921875
1 0.513514552734375 0.4067632578125 0.506478408203125 0.40738564453125 0.507125505859375 0.41912751953125 0.5084326484375 0.420122146484375 0.51018413671875 0.418290958984375 0.513514552734375 0.4067632578125
1 0.510701806640625 0.441886943359375 0.507254916015625 0.4427796171875 0.50661212890625 0.447212162109375 0.50422648046875 0.450318541015625 0.506055615234375 0.45557737109375 0.5103739375 0.45534778125 0.514748341796875 0.45234848828125 0.513070193359375 0.44509526953125 0.510701806640625 0.441886943359375
1 0.501793337890625 0.559555865234375 0.505024525390625 0.566584630859375 0.51150416015625 0.574327455078125 0.51310465625 0.57449065625 0.513691361328125 0.572827810546875 0.512077927734375 0.5596475390625 0.51297524609375 0.550838560546875 0.5097526875 0.54065244140625 0.514420443359375 0.536821728515625 0.507789818359375 0.531073291015625 0.505839884765625 0.5345112109375 0.508152189453125 0.540489240234375 0.50750940234375 0.54492178515625 0.506383443359375 0.548635134765625 0.5024922109375 0.55235362109375 0.501793337890625 0.559555865234375