1 0.601953125 0.964453125 0.6 0.966796875 0.601953125 0.972265625 0.605859375 0.976171875 0.6046875 0.98046875 0.6125 0.983203125 0.6140625 0.9796875 0.61328125 0.9703125 0.601953125 0.964453125
1 0.639453125 0.517578125 0.63671875 0.5140625 0.628125 0.51484375 0.619140625 0.513671875 0.61328125 0.5109375 0.60859375 0.51171875 0.60859375 0.515625 0.6125 0.514453125 0.615234375 0.516796875 0.62265625 0.518359375 0.63359375 0.51640625 0.640234375 0.5203125 0.643359375 0.519140625 0.639453125 0.517578125
1 0.440625 0.942578125 0.4421875 0.957421875 0.442578125 0.95859375 0.445703125 0.95859375 0.448046875 0.9453125 0.445703125 0.940234375 0.442578125 0.940625 0.440625 0.942578125
1 0.355859375 0.456640625 0.351953125 0.459375 0.34921875 0.4578125 0.345703125 0.45859375 0.344921875 0.46015625 0.346484375 0.461328125 0.3515625 0.460546875 0.35703125 0.462109375 0.358984375 0.464453125 0.362109375 0.462109375 0.372265625 0.46015625 0.355859375 0.456640625
1 0.2375 0.829296875 0.242578125 0.8203125 0.241796875 0.81796875 0.237890625 0.815234375 0.23359375 0.81640625 0.234375 0.827734375 0.2375 0.829296875
1 0.23046875 0.834375 0.23125 0.831640625 0.2203125 0.83046875 0.219140625 0.83125 0.21953125 0.83828125 0.21640625 0.841015625 0.212890625 0.83828125 0.20625 0.8375 0.20625 0.84921875 0.212109375 0.848828125 0.213671875 0.845703125 0.220703125 0.847265625 0.223828125 0.85 0.224609375 0.840625 0.2265625 0.836328125 0.23046875 0.834375
1 0.1265625 0.797265625 0.13359375 0.79375 0.1375 0.7890625 0.128515625 0.78828125 0.123828125 0.790625 0.123046875 0.796875 0.1265625 0.797265625
1 0.37734375 0.4703125 0.381640625 0.471875 0.3875 0.480859375 0.390625 0.48125 0.388671875 0.477734375 0.389453125 0.4703125 0.3796875 0.466796875 0.37734375 0.4703125
1 0.809765625 0.7203125 0.815234375 0.7234375 0.817578125 0.734765625 0.819921875 0.72734375 0.817578125 0.7125 0.816015625 0.717578125 0.809765625 0.7203125
1 0.633203125 0.580859375 0.63046875 0.579296875 0.623046875 0.58046875 0.6234375 0.585546875 0.630078125 0.590234375 0.633203125 0.580859375
1 0.64375 0.49453125 0.64296875 0.496484375 0.6421875 0.5015625 0.644140625 0.5078125 0.645703125 0.504296875 0.65 0.5015625 0.648828125 0.49921875 0.65078125 0.49453125 0.646875 0.493359375 0.64375 0.49453125
1 0.3 0.346484375 0.302734375 0.353125 0.303515625 0.354296875 0.30703125 0.353515625 0.30703125 0.3453125 0.303515625 0.340234375 0.300390625 0.342578125 0.3 0.346484375
1 0.46640625 0.47421875 0.473046875 0.481640625 0.47734375 0.48359375 0.481640625 0.482421875 0.480859375 0.479296875 0.472265625 0.4765625 0.46953125 0.473828125 0.46640625 0.47421875
1 0.44609375 0.71484375 0.44921875 0.71484375 0.450390625 0.70625 0.44609375 0.703125 0.44453125 0.705078125 0.44453125 0.712890625 0.44609375 0.71484375
1 0.678125 0.810546875 0.681640625 0.809765625 0.6828125 0.803515625 0.679296875 0.80234375 0.675390625 0.803125 0.675 0.80703125 0.678125 0.810546875
1 0.28671875 0.46015625 0.280078125 0.45546875 0.273828125 0.4578125 0.2734375 0.46015625 0.275 0.461328125 0.28671875 0.46015625
1 0.279296875 0.437890625 0.277734375 0.439453125 0.28203125 0.4421875 0.281640625 0.44609375 0.29375 0.44609375 0.291796875 0.44453125 0.28984375 0.438671875 0.286328125 0.437109375 0.279296875 0.437890625
1 0.4 0.8921875 0.405078125 0.891015625 0.404296875 0.88515625 0.4 0.884765625 0.397265625 0.886328125 0.398046875 0.890625 0.4 0.8921875
1 0.3765625 0.528125 0.38359375 0.5296875 0.384375 0.52578125 0.383203125 0.52265625 0.376953125 0.52421875 0.375390625 0.52578125 0.3765625 0.528125
1 0.334765625 0.980078125 0.334765625 0.971875 0.330859375 0.969921875 0.3296875 0.970703125 0.33125 0.978515625 0.334765625 0.980078125
1 0.7984375 0.66484375 0.803515625 0.66640625 0.805078125 0.657421875 0.803515625 0.65546875 0.8015625 0.6578125 0.8015625 0.660546875 0.7984375 0.66484375
1 0.841796875 0.822265625 0.8421875 0.820703125 0.837109375 0.820703125 0.83203125 0.815625 0.83125 0.81015625 0.83046875 0.82109375 0.841796875 0.822265625
1 0.3875 0.569140625 0.39375 0.572265625 0.394921875 0.567578125 0.390625 0.565234375 0.387890625 0.56640625 0.38671875 0.567578125 0.3875 0.569140625
1 0.4109375 0.542578125 0.408203125 0.5375 0.403515625 0.538671875 0.403515625 0.546875 0.409765625 0.545703125 0.4109375 0.542578125
1 0.377734375 0.640625 0.3765625 0.635546875 0.371875 0.636328125 0.371484375 0.640234375 0.373046875 0.6421875 0.377734375 0.640625
1 0.14140625 0.747265625 0.140234375 0.7515625 0.14375 0.751953125 0.1453125 0.74765625 0.140234375 0.74296875 0.139453125 0.744921875 0.14140625 0.747265625
1 0.14375 0.765625 0.14375 0.762890625 0.135546875 0.7609375 0.134375 0.76171875 0.134765625 0.769140625 0.135546875 0.776171875 0.137109375 0.77734375 0.1390625 0.77578125 0.137890625 0.771875 0.140234375 0.7671875 0.14375 0.765625
1 0.7453125 0.609375 0.740625 0.60859375 0.73671875 0.610546875 0.737109375 0.612890625 0.743359375 0.612890625 0.7453125 0.609375
1 0.71875 0.612890625 0.7203125 0.615234375 0.7328125 0.6125 0.73125 0.608984375 0.723828125 0.60859375 0.7203125 0.606640625 0.71953125 0.6078125 0.71875 0.612890625
1 0.75390625 0.628515625 0.765234375 0.628125 0.766796875 0.6265625 0.765234375 0.61640625 0.7515625 0.625 0.75 0.6265625 0.75390625 0.628515625
1 0.74921875 0.5953125 0.75 0.60234375 0.755078125 0.60703125 0.758203125 0.6078125 0.75859375 0.598046875 0.757421875 0.595703125 0.750390625 0.594921875 0.74921875 0.5953125
1 0.83125 0.78984375 0.831640625 0.772265625 0.83046875 0.772265625 0.827734375 0.7765625 0.830078125 0.78046875 0.83125 0.78984375
1 0.76796875 0.494921875 0.767578125 0.49921875 0.772265625 0.502734375 0.772265625 0.495703125 0.76796875 0.494921875
1 0.747265625 0.473828125 0.76171875 0.47421875 0.765234375 0.476171875 0.767578125 0.474609375 0.765234375 0.46875 0.7546875 0.46796875 0.747265625 0.469140625 0.747265625 0.473828125
1 0.55703125 0.9203125 0.560546875 0.91875 0.5625 0.91484375 0.560546875 0.91328125 0.557421875 0.915234375 0.55625 0.917578125 0.55703125 0.9203125
1 0.616015625 0.91953125 0.623046875 0.923828125 0.6265625 0.922265625 0.6296875 0.918359375 0.629296875 0.914453125 0.6265625 0.91171875 0.61484375 0.913671875 0.616015625 0.91953125
1 0.608984375 0.1140625 0.6140625 0.112109375 0.6140625 0.10859375 0.6125 0.1078125 0.61015625 0.109375 0.607421875 0.1125 0.608984375 0.1140625
1 0.428125 0.633203125 0.426171875 0.637109375 0.429296875 0.640625 0.432421875 0.637109375 0.428125 0.633203125
1 0.42734375 0.6125 0.42421875 0.6109375 0.42109375 0.612890625 0.42109375 0.617578125 0.425390625 0.61953125 0.42734375 0.6125
1 0.430078125 0.6578125 0.432421875 0.660546875 0.435546875 0.656640625 0.4359375 0.653515625 0.435546875 0.65234375 0.43203125 0.65234375 0.430859375 0.654296875 0.430078125 0.6578125
1 0.40859375 0.665234375 0.416015625 0.66953125 0.418359375 0.6734375 0.418359375 0.66796875 0.416796875 0.667578125 0.41484375 0.662890625 0.41015625 0.663671875 0.40859375 0.665234375
1 0.4078125 0.63125 0.40859375 0.623046875 0.404296875 0.621484375 0.400390625 0.623046875 0.405859375 0.625390625 0.4078125 0.63125
1 0.425 0.582421875 0.425 0.576171875 0.421875 0.58125 0.41484375 0.578125 0.41796875 0.598828125 0.4203125 0.601171875 0.426171875 0.59921875 0.428515625 0.60078125 0.42890625 0.590234375 0.425 0.582421875
1 0.23515625 0.7515625 0.234375 0.75859375 0.2375 0.759375 0.237890625 0.7515625 0.23515625 0.7515625
1 0.1265625 0.83515625 0.1265625 0.829296875 0.123046875 0.8296875 0.121484375 0.83125 0.121875 0.833203125 0.1265625 0.83515625
1 0.12265625 0.8359375 0.122265625 0.842578125 0.11953125 0.8453125 0.116015625 0.8453125 0.11953125 0.84921875 0.1203125 0.846875 0.123828125 0.8453125 0.12421875 0.837890625 0.12265625 0.8359375
1 0.60625 0.845703125 0.605859375 0.842578125 0.598828125 0.844140625 0.598828125 0.845703125 0.60234375 0.846875 0.60625 0.845703125
1 0.584375 0.76171875 0.582421875 0.765234375 0.583984375 0.76875 0.58828125 0.76875 0.584375 0.76171875
1 0.33515625 0.624609375 0.33125 0.6296875 0.333984375 0.63203125 0.337109375 0.6265625 0.33515625 0.624609375
1 0.154296875 0.876171875 0.154296875 0.877734375 0.160546875 0.877734375 0.16171875 0.874609375 0.154296875 0.876171875
1 0.531640625 0.5046875 0.532421875 0.50625 0.5390625 0.506640625 0.542578125 0.505078125 0.531640625 0.5046875
1 0.557421875 0.49453125 0.5578125 0.4875 0.54609375 0.48671875 0.544921875 0.487890625 0.546484375 0.48984375 0.557421875 0.49453125
1 0.51015625 0.48125 0.509765625 0.485546875 0.512109375 0.490234375 0.51953125 0.489453125 0.523046875 0.4875 0.52265625 0.483984375 0.518359375 0.4828125 0.515625 0.480078125 0.51015625 0.48125
1 0.43203125 0.471484375 0.42578125 0.473046875 0.421484375 0.471875 0.41796875 0.4703125 0.41484375 0.466015625 0.4078125 0.464453125 0.400390625 0.466796875 0.391796875 0.472265625 0.39140625 0.473828125 0.39296875 0.474609375 0.40625 0.474609375 0.41484375 0.4765625 0.425390625 0.474609375 0.428515625 0.4796875 0.43515625 0.473828125 0.43203125 0.471484375