1 0.942449939453125 0.667341474609375 0.941377841796875 0.659194970703125 0.936931412109375 0.65968993359375 0.933910126953125 0.655224517578125 0.928958390625 0.652448814453125 0.92626325 0.654017857421875 0.92967216015625 0.666122904296875 0.938687982421875 0.668343314453125 0.942449939453125 0.667341474609375
1 0.483637259765625 0.594941896484375 0.4855864453125 0.59126080859375 0.4817630078125 0.590657478515625 0.480035732421875 0.595171318359375 0.48150891015625 0.601386779296875 0.480810984375 0.610450578125 0.478281556640625 0.618826501953125 0.481161142578125 0.622072958984375 0.48188836328125 0.626176376953125 0.483677119140625 0.62326770703125 0.48121734375 0.616098830078125 0.48537509765625 0.60558665234375 0.485369814453125 0.59800735546875 0.483637259765625 0.594941896484375
1 0.953256005859375 0.495539728515625 0.95218919140625 0.49497251953125 0.937980982421875 0.491135033203125 0.9356681875 0.49276441015625 0.934644119140625 0.495793748046875 0.939133296875 0.498895328125 0.952614283203125 0.498629396484375 0.953256005859375 0.495539728515625
1 0.483749251953125 0.322533763671875 0.482262625 0.325888974609375 0.4832304921875 0.328833765625 0.4797519296875 0.3322735234375 0.4798239765625 0.34903728515625 0.483821298828125 0.3392975234375 0.4867570859375 0.336569853515625 0.48486409765625 0.334276810546875 0.484457740234375 0.328628556640625 0.486265228515625 0.323728509765625 0.485439060546875 0.322002677734375 0.483749251953125 0.322533763671875
1 0.8679256484375 0.269478958984375 0.856998107421875 0.26695688671875 0.854968705078125 0.27102418359375 0.85684295703125 0.2753086015625 0.85897658984375 0.276443015625 0.86881330078125 0.2728099609375 0.8679256484375 0.269478958984375
1 0.88985038671875 0.258978306640625 0.889764888671875 0.25178521875 0.893144501953125 0.250723048828125 0.894730076171875 0.24499025 0.883259759765625 0.24318026171875 0.88266078515625 0.249866474609375 0.884615251953125 0.25376468359375 0.881297123046875 0.256432021484375 0.8744951484375 0.2549598203125 0.873489814453125 0.255997779296875 0.8723908125 0.26699262109375 0.8752276484375 0.26664253515625 0.8779415234375 0.26308211328125 0.882548384765625 0.261814732421875 0.891885068359375 0.262490306640625 0.88985038671875 0.258978306640625
1 0.860581890625 0.154643185546875 0.85430395703125 0.154450275390625 0.85104730859375 0.15872278125 0.849967041015625 0.16772624609375 0.855357322265625 0.164588154296875 0.860242294921875 0.158179396484375 0.860581890625 0.154643185546875
1 0.496959798828125 0.3672970703125 0.48936912109375 0.36011628125 0.4887221171875 0.355626654296875 0.484799728515625 0.35740091015625 0.486235435546875 0.367599123046875 0.49366040234375 0.36797303125 0.496700419921875 0.370447072265625 0.496959798828125 0.3672970703125
1 0.64066382421875 0.82752976171875 0.6353724921875 0.82829026953125 0.649420267578125 0.832900173828125 0.65716609375 0.831729248046875 0.6465594140625 0.82766233984375 0.6446236796875 0.82177275390625 0.64066382421875 0.82752976171875
1 0.543416435546875 0.622722771484375 0.544384302734375 0.6256675625 0.554202279296875 0.62402588671875 0.55097781640625 0.616736341796875 0.546087560546875 0.6155658046875 0.543416435546875 0.622722771484375
1 0.4559317265625 0.625670279296875 0.456276603515625 0.62971336328125 0.46126580859375 0.628506318359375 0.463319224609375 0.63002694140625 0.46687800390625 0.6262009765625 0.470639958984375 0.625199138671875 0.46492353515625 0.622302767578125 0.4597926328125 0.622290857421875 0.457720482421875 0.622761609375 0.4559317265625 0.625670279296875
1 0.390326703125 0.2647143203125 0.3893401015625 0.263760904296875 0.383401765625 0.260031783203125 0.379498109375 0.259814662109375 0.376562322265625 0.262542333984375 0.380810853515625 0.266802541015625 0.388840076171875 0.268069533203125 0.390326703125 0.2647143203125
1 0.481186646484375 0.456547392578125 0.480157298828125 0.45199743359375 0.47425642578125 0.444285560546875 0.473232357421875 0.44731489453125 0.4753472578125 0.4504406875 0.476258923828125 0.459359607421875 0.479157244140625 0.46061469140625 0.481186646484375 0.456547392578125
1 0.712360615234375 0.45952132421875 0.70471373828125 0.45831466796875 0.70248115625 0.4595578359375 0.704657537109375 0.464288794921875 0.71330975 0.46445749609375 0.71395147265625 0.46136782421875 0.712360615234375 0.45952132421875
1 0.75717836328125 0.7019246875 0.753274708984375 0.70170756640625 0.7517078671875 0.705448986328125 0.752132958984375 0.70910586328125 0.758491109375 0.70891256640625 0.759977736328125 0.7055573515625 0.75717836328125 0.7019246875
1 0.494166701171875 0.25716804296875 0.497391166015625 0.2644575859375 0.50094466015625 0.25305232421875 0.5001184921875 0.251326490234375 0.497744212890625 0.251350703125 0.494166701171875 0.25716804296875
1 0.481054607421875 0.26706498046875 0.48218290625 0.269237353515625 0.4846695859375 0.25726488671875 0.480765931640625 0.257047765625 0.47897189453125 0.252377138671875 0.47712165625 0.253680640625 0.474913091796875 0.26051173046875 0.475720525390625 0.26422894140625 0.481054607421875 0.26706498046875
1 0.89587273046875 0.441014001953125 0.89182737890625 0.439577919921875 0.88973649609375 0.442040048828125 0.88923646875 0.446348677734375 0.894811197265625 0.448026091796875 0.897001029296875 0.443186375 0.89587273046875 0.441014001953125
1 0.54341602734375 0.362262892578125 0.5415657890625 0.363566396484375 0.53875296484375 0.369504404296875 0.5415710703125 0.371145693359375 0.545554939453125 0.370976607421875 0.545469443359375 0.36378351953125 0.54341602734375 0.362262892578125
1 0.99364647265625 0.3918261015625 0.993705681640625 0.38782940625 0.98829094140625 0.38579574609375 0.98728560546875 0.386833705078125 0.988395171875 0.390997458984375 0.99364647265625 0.3918261015625
1 0.587809587890625 0.804431427734375 0.585133181640625 0.804009095703125 0.5824380390625 0.805578140625 0.584028896484375 0.807424640625 0.59314366796875 0.80726746484375 0.59265709375 0.802005419921875 0.587809587890625 0.804431427734375
1 0.739016984375 0.85780772265625 0.728150923828125 0.856890818359375 0.73334330859375 0.858507896484375 0.737270978515625 0.8643129375 0.736228177734375 0.869333650390625 0.737837767578125 0.8691887734375 0.739016984375 0.85780772265625
1 0.58200057421875 0.37991857421875 0.5806128984375 0.380896203125 0.578904357421875 0.383418662109375 0.580316048828125 0.38802895703125 0.58514482421875 0.387594326171875 0.58336951953125 0.38093232421875 0.58200057421875 0.37991857421875
1 0.548148244140625 0.396514412109375 0.55255720703125 0.400002201171875 0.55585660546875 0.399326240234375 0.558287083984375 0.3933278984375 0.550257861328125 0.39206090625 0.548148244140625 0.396514412109375
1 0.650614015625 0.380375087890625 0.65534383984375 0.38231804296875 0.657835802734375 0.37792487109375 0.6562449453125 0.37607837109375 0.652341291015625 0.37586125 0.650614015625 0.380375087890625
1 0.8063611015625 0.162839662109375 0.804288953125 0.163310416015625 0.80783427734375 0.169055123046875 0.812360921875 0.168173951171875 0.812700517578125 0.164637740234375 0.808254087890625 0.165132705078125 0.8063611015625 0.162839662109375
1 0.823066552734375 0.169863275390625 0.825742958984375 0.17028560546875 0.827994275390625 0.16705105859375 0.8330636953125 0.165457802734375 0.836646486328125 0.167219759765625 0.838576939453125 0.165530048828125 0.83775076953125 0.16380421484375 0.831029009765625 0.161945802734375 0.823844693359375 0.16041326953125 0.822839357421875 0.161451228515625 0.823066552734375 0.169863275390625
1 0.549471462890625 0.736158587890625 0.549273564453125 0.7409137578125 0.553115736328125 0.7395257109375 0.554399185546875 0.733346373046875 0.5521853359375 0.732598166015625 0.549471462890625 0.736158587890625
1 0.554899212890625 0.729037744140625 0.560142513671875 0.7171013984375 0.5581693125 0.715194564453125 0.55303841015625 0.715182654296875 0.55173094921875 0.715774072265625 0.55292073046875 0.719551615234375 0.551778978515625 0.726949912109375 0.554899212890625 0.729037744140625
1 0.565134111328125 0.748202912109375 0.563283873046875 0.749506416015625 0.552064767578125 0.76169639453125 0.561684845703125 0.764809884765625 0.563535083984375 0.763506384765625 0.56624367578125 0.752366666015625 0.565134111328125 0.748202912109375
1 0.544974115234375 0.7502069765625 0.5414287890625 0.74446226953125 0.53470703125 0.742603857421875 0.5340840390625 0.743702150390625 0.53340484765625 0.75077457421875 0.535458267578125 0.752295197265625 0.545097078125 0.7534173125 0.544974115234375 0.7502069765625
1 0.6909833515625 0.8514247265625 0.708269041015625 0.853753501953125 0.69933343359375 0.851146884765625 0.6959912890625 0.848226302734375 0.69122399609375 0.850266099609375 0.6909833515625 0.8514247265625
1 0.4368803046875 0.745913751953125 0.4325943046875 0.745636296875 0.43247662109375 0.750005259765625 0.4393588125 0.751091251953125 0.4368803046875 0.745913751953125
1 0.414803306640625 0.740036853515625 0.413613525390625 0.736259310546875 0.416199154296875 0.7219092578125 0.411611029296875 0.721185259765625 0.40893990234375 0.7283422265625 0.407538771484375 0.73889052734375 0.41279263671875 0.7421127734375 0.414803306640625 0.740036853515625
1 0.889767193359375 0.601591486328125 0.887232484375 0.602388115234375 0.8846790390625 0.605176119140625 0.885807337890625 0.607348494140625 0.890031853515625 0.60602078125 0.89228316796875 0.602786236328125 0.889767193359375 0.601591486328125
1 0.879916533203125 0.671833041015625 0.88216784765625 0.66859849609375 0.8794059453125 0.660983078125 0.87391143359375 0.65891945703125 0.869593248046875 0.670204052734375 0.8717081484375 0.673329841796875 0.87545137109375 0.6743193828125 0.879916533203125 0.671833041015625
1 0.0912481875 0.527838544921875 0.087627927734375 0.53005934375 0.085617259765625 0.53213526171875 0.0860610859375 0.533800763671875 0.089502181640625 0.53434376171875 0.092456703125 0.529624712890625 0.0912481875 0.527838544921875
1 0.641956025390625 0.429664919921875 0.637731509765625 0.4309926328125 0.640672580078125 0.435844259765625 0.6447553984375 0.433297587890625 0.641956025390625 0.429664919921875
1 0.6167400625 0.42369156640625 0.617627712890625 0.427022568359375 0.624910982421875 0.42617751953125 0.6238816328125 0.42162755859375 0.619293505859375 0.4209035625 0.6167400625 0.42369156640625
1 0.65914805078125 0.441950576171875 0.663613212890625 0.43946423828125 0.66141809765625 0.43672465625 0.657816572265625 0.43695407421875 0.655664205078125 0.437811037109375 0.654942267578125 0.441286916015625 0.656009083984375 0.44185412109375 0.65914805078125 0.441950576171875
1 0.679118318359375 0.42755171484375 0.675776171875 0.4246311328125 0.673094484375 0.416629505859375 0.67124424609375 0.4179330078125 0.66951697265625 0.422446845703125 0.6737040234375 0.425101884765625 0.67376550390625 0.426707052734375 0.679118318359375 0.42755171484375
1 0.63180134375 0.41011354296875 0.639990994140625 0.4106081171875 0.6346569140625 0.407772080078125 0.6334858671875 0.40200316015625 0.631154337890625 0.405623916015625 0.63180134375 0.41011354296875
1 0.59551325 0.425128423828125 0.605916751953125 0.426371205078125 0.60486866796875 0.42381262109375 0.607983619140625 0.41832115625 0.606170849609375 0.415641904296875 0.58654834765625 0.40935458984375 0.588163220703125 0.416789009765625 0.582551025390625 0.419094349609375 0.58866852734375 0.420059677734375 0.59551325 0.425128423828125
1 0.80025077734375 0.2588000234375 0.793208158203125 0.258486447265625 0.7926466484375 0.261189908203125 0.8003737421875 0.262010357421875 0.80025077734375 0.2588000234375
1 0.89159449609375 0.163126701171875 0.897329654296875 0.1640316953125 0.896380521484375 0.15909552734375 0.894549017578125 0.15840765234375 0.892698779296875 0.15971115625 0.89159449609375 0.163126701171875
1 0.91008341796875 0.159662345703125 0.9125379140625 0.159251927734375 0.9094364140625 0.15517271875 0.908714474609375 0.15864859765625 0.90547655859375 0.160929728515625 0.89889649609375 0.1602902734375 0.900487353515625 0.1621367734375 0.90783210546875 0.162896892578125 0.91008341796875 0.159662345703125
1 0.806169796875 0.6390560546875 0.809148333984375 0.639924927734375 0.81109751953125 0.63624383984375 0.810672427734375 0.632586962890625 0.809143052734375 0.63234562890625 0.806169796875 0.6390560546875
1 0.735278634765625 0.60393760546875 0.731436462890625 0.60532565234375 0.737516498046875 0.61027373046875 0.738398869140625 0.6060254375 0.735278634765625 0.60393760546875
1 0.654183853515625 0.334669888671875 0.648411228515625 0.337747646484375 0.64992187109375 0.339980353515625 0.655916408203125 0.337735345703125 0.654183853515625 0.334669888671875
1 0.93330983984375 0.1980288046875 0.93178046484375 0.197787474609375 0.92872699609375 0.20488410546875 0.93202639453125 0.20420814453125 0.93330983984375 0.1980288046875
1 0.4920522109375 0.51450212890625 0.490683267578125 0.51348837890625 0.488819578125 0.5243625546875 0.491070892578125 0.5211280078125 0.4920522109375 0.51450212890625
1 0.468485697265625 0.536709708984375 0.4754481015625 0.537409494140625 0.473106009765625 0.525871654296875 0.47151515234375 0.524025154296875 0.470127474609375 0.52500278125 0.468485697265625 0.536709708984375
1 0.47226399609375 0.50140793359375 0.475624875 0.50233713671875 0.478258533203125 0.499162923828125 0.480547314453125 0.491945626953125 0.476440482421875 0.488904376953125 0.472154482421875 0.488626923828125 0.469884435546875 0.493852845703125 0.471999333984375 0.49697863671875 0.47226399609375 0.50140793359375
1 0.487138931640625 0.393668013671875 0.486991953125 0.3848697578125 0.48971928125 0.371738662109375 0.489275453125 0.370073162109375 0.487665861328125 0.3702180390625 0.48054830859375 0.37786996875 0.476730150390625 0.384845935546875 0.476815646484375 0.3920390234375 0.48037970703125 0.39579235546875 0.481187142578125 0.39950956640625 0.4814518046875 0.403938859375 0.47863898046875 0.4098768671875 0.4802913203125 0.413328533203125 0.487390142578125 0.407667982421875 0.48306139453125 0.403793982421875 0.487138931640625 0.393668013671875